
\*Soul Eggs\*
01 Zzz#0270
      124,015,093,428,483,808
02 Tiln#0416
      36,311,514,430,609,950
03 AndyVshr#1639
      3,560,370,798,215,014
04 Raging-Monkey#6885
      1,167,206,249,699,430
05 RezoN#1721
      333,005,017,409,570
06 Spite#4312
      293,667,898,336,547
07 Beremp#0903
      142,395,714,673,072
08 Lectos#2991
      52,609,767,948,324
09 Parker#1126
      47,457,381,751,999
10 VIZE#0001
      20,021,975,744,337
11 Atxdood#0517
      15,200,082,822,333
12 DhrMekmek#3145
      10,938,070,870,607
13 DiamondSphinx#0818
      10,441,817,660,066
14 Emporium#1013
      9,229,938,782,731
15 XXMindGames#0441
      9,214,466,977,398
16 Aggiemd91#4484
      7,463,029,739,331
17 BosGT4#6387
      6,174,403,532,804
18 SpaceCowboy5150#0840
      5,770,112,940,524
19 Enthusedsloth26#9350
      5,363,877,836,418
20 Dexderr#2126
      4,160,378,264,529
21 P2man#0893
      4,104,376,959,607
22 Florida#4908
      4,044,683,584,413
23 Mapaliciousness#3816
      3,333,333,333,333
24 Saltyii#3830
      3,034,508,498,382
25 SharxX8#0013
      2,799,401,365,448
26 Notkoshka#8145
      2,745,961,364,339
27 Dprosk#6161
      2,521,166,779,802
28 Teeg#4144
      2,404,982,709,881
29 Stefanbiba#2667
      2,329,614,761,776
30 Zargoff1#0007
      2,327,012,674,462
31 SmegLougainess#7354
      2,239,407,349,614
32 Senor mongoose#2227
      2,200,051,824,035
33 Mam711#7802
      2,190,848,228,428
34 Elessar49#8046
      2,178,590,679,412
35 Pudywardy#1102
      2,091,741,288,395
36 Guzik3#2079
      2,081,380,277,196
37 TheyCallMeMikey#2563
      2,034,564,364,551
38 Meh#0169
     2,027,697,283,908
39 Layne2216#0644
      2,018,725,738,328
40 Kyle#7633
      2,001,238,145,948
41 SlytherinKyo#1039
      1,746,202,961,969
42 Furyroad#0546
      1,667,553,118,507
43 Cantpunishme#2764
      1,584,971,880,408
44 Adam#1308
      1,511,032,919,644
45 Elch#0798
      1,467,747,454,733
46 Evanw68#7812
      1,406,538,877,085
47 TCollett#2423
      1,294,980,715,369
